Time,Open,High,Low,Close,Volume
2022-07-19 18:30:00,23358.3,23500.0,23281.0,23399.9,15940.957
2022-07-19 19:00:00,23400.0,23739.0,23346.1,23587.8,31036.275
2022-07-19 19:30:00,23587.8,23598.8,23340.0,23391.5,19204.329
2022-07-19 20:00:00,23390.6,23427.2,23146.5,23291.0,24232.279
2022-07-19 20:30:00,23291.0,23335.7,23177.0,23295.6,11244.59
2022-07-19 21:00:00,23295.5,23531.3,23244.0,23438.5,16461.467
2022-07-19 21:30:00,23438.5,23817.9,23437.9,23638.1,22927.474
2022-07-19 22:00:00,23638.0,23650.2,23380.3,23448.6,15155.824
2022-07-19 22:30:00,23448.6,23520.5,23325.0,23484.9,11887.573
2022-07-19 23:00:00,23484.9,23625.0,23305.0,23337.0,17273.174
2022-07-19 23:30:00,23337.0,23413.5,23226.0,23385.9,12985.383
2022-07-20 00:00:00,23385.9,23426.9,23194.1,23321.5,17533.518
2022-07-20 00:30:00,23321.4,23349.3,22922.0,23033.6,26990.735
2022-07-20 01:00:00,23035.7,23183.1,22950.0,23162.4,14558.984
2022-07-20 01:30:00,23162.4,23328.9,23132.3,23251.3,14151.134
2022-07-20 02:00:00,23251.3,23421.9,23205.0,23361.8,11588.33
2022-07-20 02:30:00,23361.7,23489.5,23333.0,23367.5,11189.346
2022-07-20 03:00:00,23367.5,23475.0,23265.1,23460.6,10239.998
2022-07-20 03:30:00,23460.6,23517.0,23379.7,23433.8,9332.259
2022-07-20 04:00:00,23433.9,23522.0,23316.3,23322.5,9752.862
2022-07-20 04:30:00,23322.5,23415.1,23300.0,23384.0,7035.659
2022-07-20 05:00:00,23384.1,23424.9,23305.5,23390.5,7086.01
2022-07-20 05:30:00,23390.5,23556.0,23344.3,23491.0,11901.634
2022-07-20 06:00:00,23490.9,23728.0,23480.3,23675.0,16987.937
2022-07-20 06:30:00,23674.9,23810.8,23611.1,23775.9,18737.775
2022-07-20 07:00:00,23775.9,23861.0,23620.0,23677.3,20100.001
2022-07-20 07:30:00,23677.3,23706.0,23365.0,23376.7,20066.606
2022-07-20 08:00:00,23377.0,23512.7,23298.5,23450.1,19732.027
2022-07-20 08:30:00,23450.1,23471.2,23301.6,23359.5,16172.257
2022-07-20 09:00:00,23359.6,23578.0,23307.3,23520.7,21169.684
2022-07-20 09:30:00,23520.7,23572.7,23488.0,23517.4,8376.625
2022-07-20 10:00:00,23517.3,23888.0,23492.5,23707.6,26882.805
2022-07-20 10:30:00,23707.7,23770.0,23544.0,23701.1,24019.63
2022-07-20 11:00:00,23701.0,23825.0,23600.0,23618.1,17101.365
2022-07-20 11:30:00,23618.1,23753.5,23577.0,23720.0,10443.828
2022-07-20 12:00:00,23720.1,23975.7,23689.1,23701.3,28719.199
2022-07-20 12:30:00,23701.3,23866.6,23556.9,23796.1,27361.192
2022-07-20 13:00:00,23796.0,23955.0,23772.2,23870.8,16819.503
2022-07-20 13:30:00,23870.8,24078.6,23754.8,23770.4,41028.487
2022-07-20 14:00:00,23770.5,23979.0,23677.0,23979.0,21365.244
2022-07-20 14:30:00,23979.0,24187.2,23910.7,24173.9,35941.354
2022-07-20 15:00:00,24174.0,24262.0,24031.6,24181.6,26904.931
2022-07-20 15:30:00,24181.6,24277.0,24080.7,24153.4,18677.537
2022-07-20 16:00:00,24153.5,24182.9,23813.0,23851.5,25425.841
2022-07-20 16:30:00,23851.4,23909.7,23540.0,23680.1,41313.82
2022-07-20 17:00:00,23680.1,23735.9,23420.0,23625.4,29256.55
2022-07-20 17:30:00,23625.4,23718.6,23499.0,23511.0,14530.267
2022-07-20 18:00:00,23511.0,23855.0,23505.2,23776.4,21325.699
2022-07-20 18:30:00,23778.6,23844.3,23657.0,23753.6,11513.147
2022-07-20 19:00:00,23753.5,23939.1,23671.0,23718.7,13969.399
2022-07-20 19:30:00,23718.7,23720.0,23566.0,23650.6,12165.306
2022-07-20 20:00:00,23650.6,23750.2,22912.4,23024.8,68784.667
2022-07-20 20:30:00,23024.8,23360.0,22978.0,23253.7,28467.994
2022-07-20 21:00:00,23253.7,23410.0,23232.9,23331.8,13130.807
2022-07-20 21:30:00,23331.7,23799.0,23261.1,23601.8,25213.474
2022-07-20 22:00:00,23601.8,23636.0,23451.0,23525.1,11459.136
2022-07-20 22:30:00,23525.1,23569.8,23301.4,23301.4,12476.779
2022-07-20 23:00:00,23301.4,23331.2,23110.0,23219.1,15684.306
2022-07-20 23:30:00,23219.2,23396.8,23173.6,23221.5,13962.167
2022-07-21 00:00:00,23221.5,23380.0,23202.3,23269.0,10723.586
2022-07-21 00:30:00,23269.0,23275.8,23120.0,23245.1,9954.795
2022-07-21 01:00:00,23245.0,23441.1,23226.7,23260.0,12532.455
2022-07-21 01:30:00,23260.1,23359.9,23154.2,23228.8,9141.281
2022-07-21 02:00:00,23228.9,23330.0,23053.0,23080.7,9610.448
2022-07-21 02:30:00,23080.7,23147.9,22684.0,22689.0,36147.265
2022-07-21 03:00:00,22688.9,22860.0,22662.8,22742.5,18794.835
2022-07-21 03:30:00,22742.5,22853.0,22712.2,22774.4,10515.755
2022-07-21 04:00:00,22774.4,22850.0,22636.0,22730.1,18035.155
2022-07-21 04:30:00,22730.2,22922.0,22714.5,22875.4,13867.185
2022-07-21 05:00:00,22875.4,22957.0,22863.3,22878.5,6799.32
2022-07-21 05:30:00,22878.6,22987.0,22803.8,22935.3,15231.55
2022-07-21 06:00:00,22935.4,22955.3,22870.4,22875.8,6802.489
2022-07-21 06:30:00,22875.8,22878.6,22750.0,22786.8,11205.86
2022-07-21 07:00:00,22786.8,23088.0,22772.1,22987.4,19076.887
2022-07-21 07:30:00,22987.5,23031.0,22913.6,22926.7,8125.42
2022-07-21 08:00:00,22926.6,22969.5,22810.5,22833.0,10490.356
2022-07-21 08:30:00,22833.1,22909.3,22791.7,22871.9,14169.07
2022-07-21 09:00:00,22871.9,22998.0,22856.6,22945.3,11046.076
2022-07-21 09:30:00,22945.3,23022.0,22921.9,23002.3,7568.425
2022-07-21 10:00:00,23002.4,23069.0,22955.0,22962.9,9181.213
2022-07-21 10:30:00,22963.0,22997.6,22847.3,22865.3,8350.67
2022-07-21 11:00:00,22865.3,22901.6,22444.0,22563.4,35380.617
2022-07-21 11:30:00,22563.4,22663.3,22533.4,22605.4,19755.15
2022-07-21 12:00:00,22605.5,22772.6,22560.0,22729.1,20373.09
2022-07-21 12:30:00,22728.9,22842.7,22708.4,22793.0,16054.264
2022-07-21 13:00:00,22792.9,22804.3,22612.0,22697.7,13782.42
2022-07-21 13:30:00,22697.6,22798.9,22558.4,22701.4,23275.791
2022-07-21 14:00:00,22701.5,22758.4,22380.1,22453.5,32670.868
2022-07-21 14:30:00,22453.5,22568.0,22340.2,22552.5,26122.242
2022-07-21 15:00:00,22552.5,22626.7,22516.6,22591.3,15485.996
2022-07-21 15:30:00,22591.2,22670.0,22562.6,22633.7,9811.099
2022-07-21 16:00:00,22633.7,23087.0,22625.3,23058.0,42078.765
2022-07-21 16:30:00,23058.5,23196.0,22935.0,23026.8,26914.861
2022-07-21 17:00:00,23026.8,23195.6,22915.3,22924.8,19223.044
2022-07-21 17:30:00,22924.8,22974.0,22771.8,22853.8,19883.31
2022-07-21 18:00:00,22853.8,23007.0,22831.6,22912.4,11661.909
2022-07-21 18:30:00,22912.3,22949.5,22816.0,22923.5,6027.104
2022-07-21 19:00:00,22923.5,23171.0,22912.5,23051.1,15578.652
2022-07-21 19:30:00,23051.1,23193.0,22945.9,23193.0,13260.907
2022-07-21 20:00:00,23193.0,23295.5,23080.0,23124.1,19082.975
2022-07-21 20:30:00,23124.0,23275.5,23087.0,23113.8,11262.651
2022-07-21 21:00:00,23113.8,23185.2,23066.7,23181.4,6066.158
2022-07-21 21:30:00,23181.4,23237.5,23075.0,23195.7,6733.195
2022-07-21 22:00:00,23195.7,23213.9,22930.3,23000.6,13939.793
2022-07-21 22:30:00,23000.1,23043.9,22954.6,23011.2,4896.811
2022-07-21 23:00:00,23011.3,23193.1,22995.3,23172.0,8858.742
2022-07-21 23:30:00,23171.9,23220.0,23083.3,23144.5,7992.956
2022-07-22 00:00:00,23144.5,23249.1,23084.2,23221.2,9854.641
2022-07-22 00:30:00,23221.2,23342.2,23206.0,23261.3,10672.251
2022-07-22 01:00:00,23261.4,23296.8,23153.0,23194.6,6785.696
2022-07-22 01:30:00,23194.5,23218.2,23065.0,23100.1,6984.238
2022-07-22 02:00:00,23100.1,23125.0,22979.1,23030.6,7492.185
2022-07-22 02:30:00,23030.7,23085.6,22953.0,22977.8,5516.905
2022-07-22 03:00:00,22977.8,23035.0,22850.0,22886.0,8144.805
2022-07-22 03:30:00,22886.6,22948.9,22855.1,22903.5,6143.245
2022-07-22 04:00:00,22903.5,22950.0,22872.0,22892.3,6363.657
2022-07-22 04:30:00,22892.4,22986.4,22803.0,22963.4,9027.649
2022-07-22 05:00:00,22963.3,23074.6,22880.8,23039.3,11681.197
2022-07-22 05:30:00,23039.3,23165.2,23022.3,23136.8,9681.031
2022-07-22 06:00:00,23136.7,23180.0,23080.0,23100.1,7417.027
2022-07-22 06:30:00,23100.2,23222.6,23093.0,23156.5,7914.701
2022-07-22 07:00:00,23156.6,23287.5,23085.0,23251.1,9934.702
2022-07-22 07:30:00,23251.1,23318.4,23008.0,23109.2,17569.324
2022-07-22 08:00:00,23109.3,23285.8,23060.0,23269.6,10353.141
2022-07-22 08:30:00,23269.7,23316.0,23158.3,23294.2,13196.331
2022-07-22 09:00:00,23294.4,23481.6,23257.2,23481.3,31665.827
2022-07-22 09:30:00,23481.3,23523.0,23393.0,23440.1,13602.971
2022-07-22 10:00:00,23440.1,23505.9,23400.0,23446.7,7894.359
2022-07-22 10:30:00,23446.6,23568.0,23414.6,23427.1,12906.365
2022-07-22 11:00:00,23427.0,23515.8,23400.0,23501.5,9870.01
2022-07-22 11:30:00,23501.5,23623.6,23466.1,23600.8,13404.689
2022-07-22 12:00:00,23600.7,23674.0,23560.0,23625.9,14475.208
2022-07-22 12:30:00,23626.0,23690.0,23550.0,23577.8,10642.884
2022-07-22 13:00:00,23577.8,23688.1,23474.7,23545.6,15364.104
2022-07-22 13:30:00,23545.7,23750.0,23420.0,23447.9,37165.094
2022-07-22 14:00:00,23447.9,23534.4,23320.4,23478.3,31201.327
2022-07-22 14:30:00,23478.4,23670.0,23436.2,23655.8,19688.723
2022-07-22 15:00:00,23655.8,23656.6,23356.3,23383.1,18141.966
2022-07-22 15:30:00,23383.1,23383.1,23217.0,23286.7,22727.315
2022-07-22 16:00:00,23286.7,23335.0,23070.0,23164.3,26916.068
2022-07-22 16:30:00,23164.3,23213.7,23035.0,23100.8,15263.327
2022-07-22 17:00:00,23101.8,23188.0,22947.0,23012.3,19023.97
2022-07-22 17:30:00,23012.2,23022.8,22871.9,23009.4,18518.597
2022-07-22 18:00:00,23009.4,23024.3,22912.4,23003.9,8355.546
2022-07-22 18:30:00,23004.0,23055.9,22964.6,23017.3,6936.746
2022-07-22 19:00:00,23017.4,23121.3,23001.8,23106.5,8906.627
2022-07-22 19:30:00,23106.5,23110.0,22531.9,22578.9,43384.433
2022-07-22 20:00:00,22579.0,22706.6,22555.5,22676.9,13312.494
2022-07-22 20:30:00,22676.8,22718.0,22500.0,22592.7,13975.955
2022-07-22 21:00:00,22592.6,22731.0,22560.6,22701.4,8551.019
2022-07-22 21:30:00,22701.4,22775.0,22672.8,22727.1,5569.917
2022-07-22 22:00:00,22727.1,22770.0,22626.0,22640.0,7472.433
2022-07-22 22:30:00,22640.0,22734.6,22639.4,22715.3,4205.458
2022-07-22 23:00:00,22715.2,22746.4,22647.0,22710.0,5119.573
2022-07-22 23:30:00,22710.0,22759.0,22656.1,22675.1,4912.203
2022-07-23 00:00:00,22675.0,22745.0,22540.1,22741.1,11662.488
2022-07-23 00:30:00,22741.1,22800.0,22708.3,22756.9,7075.048
2022-07-23 01:00:00,22756.8,22808.0,22730.2,22796.5,4335.026
2022-07-23 01:30:00,22796.5,22849.0,22763.2,22775.6,5614.991
2022-07-23 02:00:00,22775.6,22875.0,22765.8,22870.0,5581.425
2022-07-23 02:30:00,22869.9,22890.0,22800.0,22821.3,5085.605
2022-07-23 03:00:00,22821.2,22865.6,22804.3,22849.9,2976.317
2022-07-23 03:30:00,22849.9,22885.2,22781.5,22796.4,4785.7
2022-07-23 04:00:00,22796.4,22803.8,22717.7,22741.9,7220.154
2022-07-23 04:30:00,22742.0,22975.0,22738.0,22885.6,14719.801
2022-07-23 05:00:00,22885.6,22990.0,22862.0,22925.0,9761.185
2022-07-23 05:30:00,22925.0,22937.2,22834.6,22893.8,7390.045
2022-07-23 06:00:00,22893.9,22913.0,22844.2,22858.8,4156.831
2022-07-23 06:30:00,22858.8,22924.3,22796.7,22816.0,8058.212
2022-07-23 07:00:00,22815.9,22828.9,22654.7,22785.0,13577.281
2022-07-23 07:30:00,22785.0,22796.7,22706.6,22764.2,4806.601
2022-07-23 08:00:00,22764.2,22871.0,22752.0,22846.1,9714.15
2022-07-23 08:30:00,22846.1,22860.0,22561.3,22601.5,14544.076
2022-07-23 09:00:00,22601.5,22666.0,22513.0,22658.0,26638.284
2022-07-23 09:30:00,22658.0,22687.0,22613.2,22655.8,5776.657
2022-07-23 10:00:00,22655.7,22704.4,22630.0,22669.0,5409.738
2022-07-23 10:30:00,22669.1,22675.5,22374.0,22513.5,27831.482
2022-07-23 11:00:00,22511.1,22539.0,22350.0,22487.9,17085.502
2022-07-23 11:30:00,22487.9,22494.1,22204.2,22226.3,24400.097
2022-07-23 12:00:00,22226.8,22300.0,22088.0,22280.0,24618.04
2022-07-23 12:30:00,22280.0,22359.9,22246.0,22275.0,9466.25
2022-07-23 13:00:00,22275.0,22350.0,22261.7,22307.9,7027.442
2022-07-23 13:30:00,22307.9,22381.0,22280.7,22329.4,6690.461
2022-07-23 14:00:00,22329.5,22356.0,22220.3,22233.9,7756.017
2022-07-23 14:30:00,22233.9,22282.7,22032.0,22142.1,16627.508
2022-07-23 15:00:00,22142.1,22298.5,22120.2,22160.7,15262.709
2022-07-23 15:30:00,22160.7,22235.7,22111.4,22209.9,9038.971
2022-07-23 16:00:00,22209.9,22283.6,22180.0,22259.3,8165.05
2022-07-23 16:30:00,22259.3,22282.1,22166.8,22181.7,7461.442
2022-07-23 17:00:00,22181.7,22248.0,22011.0,22135.5,18164.928
2022-07-23 17:30:00,22135.4,22138.5,21933.5,22027.0,15794.236
2022-07-23 18:00:00,22027.0,22230.0,21933.5,22218.3,20210.23
2022-07-23 18:30:00,22218.3,22218.5,22050.0,22069.2,9714.021
2022-07-23 19:00:00,22069.2,22189.0,22025.2,22164.7,9988.199
2022-07-23 19:30:00,22164.8,22325.0,22149.3,22268.8,11879.358
2022-07-23 20:00:00,22266.5,22369.0,22238.8,22270.6,9125.468
2022-07-23 20:30:00,22270.7,22337.8,22264.6,22313.5,3528.326
2022-07-23 21:00:00,22313.6,22342.5,22248.6,22290.2,5144.539
2022-07-23 21:30:00,22290.2,22297.6,22210.0,22235.5,3525.927
2022-07-23 22:00:00,22235.4,22489.2,22225.4,22395.0,11903.276
2022-07-23 22:30:00,22395.0,22500.0,22394.8,22455.3,9702.049
2022-07-23 23:00:00,22455.3,22529.0,22435.2,22488.9,9348.411
2022-07-23 23:30:00,22489.0,22548.0,22417.0,22440.2,7538.119
2022-07-24 00:00:00,22440.1,22663.1,22440.1,22586.2,18482.395
2022-07-24 00:30:00,22586.3,22617.1,22536.1,22540.7,3640.978
2022-07-24 01:00:00,22540.7,22582.7,22506.8,22513.4,4887.517
2022-07-24 01:30:00,22513.4,22539.3,22365.2,22418.9,10361.564
2022-07-24 02:00:00,22418.9,22427.8,22346.0,22403.0,6992.906
2022-07-24 02:30:00,22402.9,22471.0,22380.3,22460.6,4635.663
2022-07-24 03:00:00,22460.6,22470.7,22306.8,22345.8,6185.412
2022-07-24 03:30:00,22345.8,22365.0,22286.0,22326.5,5432.548
2022-07-24 04:00:00,22326.4,22375.0,22256.4,22341.8,6870.6
2022-07-24 04:30:00,22341.7,22399.4,22341.7,22385.3,4715.39
2022-07-24 05:00:00,22385.4,22687.8,22382.6,22633.8,22529.937
2022-07-24 05:30:00,22633.9,22777.0,22580.0,22741.8,16727.07
2022-07-24 06:00:00,22741.8,22758.5,22660.0,22731.9,11289.734
2022-07-24 06:30:00,22731.9,22734.2,22623.0,22669.2,6900.172
2022-07-24 07:00:00,22669.2,22828.8,22657.2,22726.6,12799.483
2022-07-24 07:30:00,22726.5,22762.3,22681.0,22692.4,6603.676
2022-07-24 08:00:00,22692.4,22729.9,22580.1,22620.0,10400.782
2022-07-24 08:30:00,22620.1,22685.8,22555.0,22670.6,8628.143
2022-07-24 09:00:00,22670.7,22750.0,22646.5,22707.0,6219.578
2022-07-24 09:30:00,22707.0,22738.1,22583.5,22610.7,6224.246
2022-07-24 10:00:00,22610.7,22675.6,22576.6,22646.2,5420.354
2022-07-24 10:30:00,22646.3,22664.1,22470.0,22507.8,13904.379
2022-07-24 11:00:00,22507.9,22812.0,22499.0,22734.4,20340.211
2022-07-24 11:30:00,22734.5,22752.3,22637.7,22648.2,8315.614
2022-07-24 12:00:00,22648.1,22762.0,22586.1,22711.0,10788.46
2022-07-24 12:30:00,22711.0,22716.5,22428.1,22485.1,14898.446
2022-07-24 13:00:00,22485.0,22582.0,22439.4,22575.6,10376.655
2022-07-24 13:30:00,22575.6,22584.5,22469.5,22558.8,6424.332
2022-07-24 14:00:00,22558.7,22777.0,22520.5,22748.2,20468.634
2022-07-24 14:30:00,22747.8,22791.5,22682.9,22760.0,10932.899
2022-07-24 15:00:00,22759.9,22935.0,22730.0,22833.9,15652.645
2022-07-24 15:30:00,22833.9,22866.2,22763.2,22837.0,7117.374
2022-07-24 16:00:00,22837.0,22868.9,22630.0,22657.3,16127.014
2022-07-24 16:30:00,22657.3,22723.6,22626.0,22700.7,6348.674
2022-07-24 17:00:00,22700.8,22845.7,22686.1,22809.4,8744.605
2022-07-24 17:30:00,22809.4,22810.8,22651.3,22760.9,8362.673
2022-07-24 18:00:00,22760.8,22782.8,22702.9,22733.2,4541.461
2022-07-24 18:30:00,22733.2,22743.9,22675.0,22703.0,4149.153
2022-07-24 19:00:00,22703.0,22775.2,22652.4,22740.2,6161.97
2022-07-24 19:30:00,22740.2,22796.0,22680.0,22695.1,4866.853
2022-07-24 20:00:00,22695.1,22727.9,22661.7,22702.3,4115.624
2022-07-24 20:30:00,22702.2,22795.5,22685.9,22713.2,4292.668
2022-07-24 21:00:00,22713.2,22790.0,22664.0,22736.1,5588.263
2022-07-24 21:30:00,22736.2,22824.6,22736.2,22800.1,5590.001
2022-07-24 22:00:00,22800.1,22883.0,22744.0,22819.0,7491.986
2022-07-24 22:30:00,22818.9,22999.0,22537.5,22647.8,28746.194
2022-07-24 23:00:00,22647.8,22748.0,22503.0,22735.7,14035.864
2022-07-24 23:30:00,22735.8,22750.0,22552.3,22570.6,8628.153
2022-07-25 00:00:00,22570.6,22656.8,22356.0,22374.2,18253.502
2022-07-25 00:30:00,22374.2,22425.9,22257.1,22314.8,19266.041
2022-07-25 01:00:00,22314.7,22324.3,22207.5,22230.2,10186.382
2022-07-25 01:30:00,22230.1,22269.4,22107.0,22199.4,14294.421
2022-07-25 02:00:00,22199.4,22199.5,21960.5,22039.7,22008.745
2022-07-25 02:30:00,22039.7,22039.7,21855.0,21945.7,20882.644
2022-07-25 03:00:00,21945.6,21945.7,21800.0,21860.0,13667.831
2022-07-25 03:30:00,21860.0,21898.0,21763.3,21858.0,13786.734
2022-07-25 04:00:00,21858.1,21864.5,21734.1,21826.0,15060.305
2022-07-25 04:30:00,21826.0,21895.5,21780.5,21880.8,9678.139
2022-07-25 05:00:00,21880.8,21926.1,21800.0,21805.2,13308.595
2022-07-25 05:30:00,21805.3,21913.9,21800.0,21900.1,6407.232
2022-07-25 06:00:00,21900.1,21939.7,21857.3,21894.4,10455.556
2022-07-25 06:30:00,21894.4,21914.5,21809.2,21896.8,7046.384
2022-07-25 07:00:00,21896.7,21988.4,21877.9,21918.7,9491.155
2022-07-25 07:30:00,21918.6,21965.0,21897.8,21951.3,4450.776
2022-07-25 08:00:00,21951.2,21970.0,21862.3,21880.5,7313.947
2022-07-25 08:30:00,21880.6,22088.8,21860.2,22038.3,18268.005
2022-07-25 09:00:00,22038.3,22095.0,21990.0,22000.0,8459.707
2022-07-25 09:30:00,22000.1,22064.0,21972.3,21991.4,6194.215
2022-07-25 10:00:00,21991.4,22050.0,21953.2,22029.8,8575.266
2022-07-25 10:30:00,22029.7,22069.0,21987.7,22038.7,4875.865
2022-07-25 11:00:00,22038.8,22090.0,21930.0,21973.8,10222.139
2022-07-25 11:30:00,21973.7,22008.0,21905.5,21931.5,6037.234
2022-07-25 12:00:00,21931.6,21937.5,21796.4,21903.0,16694.633
2022-07-25 12:30:00,21903.0,21991.0,21867.0,21962.0,7710.438
2022-07-25 13:00:00,21962.0,21996.1,21821.0,21920.8,16412.17
2022-07-25 13:30:00,21920.7,21964.8,21743.6,21890.3,24028.155
2022-07-25 14:00:00,21890.4,21922.4,21650.0,21760.0,23322.555
2022-07-25 14:30:00,21760.0,21909.2,21717.0,21875.8,16115.565
2022-07-25 15:00:00,21875.7,21920.0,21734.8,21806.1,27480.372
2022-07-25 15:30:00,21806.1,21905.5,21806.0,21884.3,8867.509
2022-07-25 16:00:00,21884.4,21975.7,21852.0,21872.7,15442.662
2022-07-25 16:30:00,21872.8,21963.8,21830.0,21940.0,9013.946
2022-07-25 17:00:00,21940.0,22000.0,21926.6,21973.0,6957.786
2022-07-25 17:30:00,21973.0,21998.7,21826.8,21852.0,11464.527
2022-07-25 18:00:00,21852.0,21880.0,21760.2,21865.2,7895.988
2022-07-25 18:30:00,21865.3,21929.4,21800.0,21814.8,6529.251
2022-07-25 19:00:00,21814.7,21820.6,21605.7,21624.8,22474.356
2022-07-25 19:30:00,21625.2,21897.4,21544.5,21879.5,25653.816
2022-07-25 20:00:00,21879.6,22222.0,21874.4,22100.5,35778.669
2022-07-25 20:30:00,22100.6,22252.6,22063.3,22160.7,19858.874
2022-07-25 21:00:00,22160.6,22175.2,22060.0,22081.9,10199.58
2022-07-25 21:30:00,22082.0,22129.6,21966.0,22020.3,9240.091
2022-07-25 22:00:00,22020.4,22021.9,21590.0,21617.5,26846.621
2022-07-25 22:30:00,21617.5,21734.5,21501.0,21647.4,26772.283
2022-07-25 23:00:00,21647.4,21749.4,21571.7,21628.6,11784.32
2022-07-25 23:30:00,21628.6,21654.1,21232.0,21300.0,31035.668
2022-07-26 00:00:00,21300.0,21334.4,21060.7,21075.0,37248.356
2022-07-26 00:30:00,21075.0,21113.0,20954.2,20985.7,25955.777
2022-07-26 01:00:00,20985.7,21110.6,20960.0,21078.5,14968.8
2022-07-26 01:30:00,21078.5,21106.4,21014.7,21064.0,7123.345
2022-07-26 02:00:00,21063.9,21116.2,21012.0,21055.7,6653.484
2022-07-26 02:30:00,21055.7,21089.8,21041.0,21058.0,3843.77
2022-07-26 03:00:00,21058.0,21200.0,20820.8,21150.4,22270.989
2022-07-26 03:30:00,21150.5,21220.0,21052.8,21130.2,12691.091
2022-07-26 04:00:00,21130.2,21250.0,21085.7,21143.9,9227.242
2022-07-26 04:30:00,21143.9,21177.2,21100.0,21116.1,5770.403
2022-07-26 05:00:00,21116.1,21124.7,21055.0,21097.5,6225.516
2022-07-26 05:30:00,21097.4,21166.0,21064.0,21137.2,6305.927
2022-07-26 06:00:00,21137.2,21153.5,21100.5,21130.0,4223.534
2022-07-26 06:30:00,21130.0,21134.3,21050.0,21070.4,6575.791
2022-07-26 07:00:00,21070.5,21136.6,21000.0,21122.2,8384.216
2022-07-26 07:30:00,21122.2,21128.0,21024.0,21053.7,5555.119
2022-07-26 08:00:00,21053.7,21079.1,20968.6,21057.3,9444.361
2022-07-26 08:30:00,21057.4,21100.0,21044.6,21057.1,5375.804
2022-07-26 09:00:00,21057.0,21099.2,21049.0,21099.0,4941.72
2022-07-26 09:30:00,21099.0,21143.9,21094.5,21108.9,5228.374
2022-07-26 10:00:00,21108.9,21140.9,21050.3,21070.9,5707.18
2022-07-26 10:30:00,21070.9,21105.8,21039.0,21063.5,4534.027
2022-07-26 11:00:00,21063.4,21115.7,21048.1,21091.1,4213.252
2022-07-26 11:30:00,21091.1,21147.7,20922.5,21078.9,12106.076
2022-07-26 12:00:00,21078.9,21181.6,21028.0,21091.7,16689.611
2022-07-26 12:30:00,21094.3,21132.0,20954.4,21022.9,13700.805
2022-07-26 13:00:00,21023.0,21040.6,20760.0,20939.1,27631.713
2022-07-26 13:30:00,20939.1,21000.0,20870.2,20942.1,16283.1
2022-07-26 14:00:00,20942.2,21031.5,20850.0,20876.0,17221.696
2022-07-26 14:30:00,20876.1,20956.7,20832.0,20941.8,10012.72
2022-07-26 15:00:00,20941.9,20957.0,20750.0,20793.1,17221.253
2022-07-26 15:30:00,20793.1,20824.7,20689.6,20737.6,17110.784
2022-07-26 16:00:00,20737.6,20837.9,20730.3,20822.3,11579.925
2022-07-26 16:30:00,20822.4,20938.9,20822.4,20925.4,11012.158
2022-07-26 17:00:00,20925.3,21073.0,20904.0,20992.9,24073.677
2022-07-26 17:30:00,20992.9,21014.7,20883.7,20910.8,9406.026
2022-07-26 18:00:00,20911.7,20991.3,20894.8,20921.8,8135.172
2022-07-26 18:30:00,20921.8,20925.2,20811.2,20896.5,9751.633
2022-07-26 19:00:00,20896.6,20935.2,20801.0,20872.8,8126.634
2022-07-26 19:30:00,20872.9,20924.9,20833.2,20907.9,5871.007
2022-07-26 20:00:00,20907.8,20982.4,20803.6,20892.4,15621.593
2022-07-26 20:30:00,20892.4,20979.3,20863.4,20974.9,5262.885
2022-07-26 21:00:00,20974.9,21115.7,20910.0,20911.2,15384.319
2022-07-26 21:30:00,20911.1,20960.0,20811.5,20935.5,12008.589
2022-07-26 22:00:00,20935.4,21144.0,20911.4,21085.6,13601.655
2022-07-26 22:30:00,21085.6,21150.0,21054.4,21102.2,7994.844
2022-07-26 23:00:00,21102.2,21159.6,21055.9,21091.4,6265.189
2022-07-26 23:30:00,21091.5,21294.0,21071.2,21241.0,17957.761
2022-07-27 00:00:00,21241.0,21268.1,21178.8,21195.3,10878.372
2022-07-27 00:30:00,21195.3,21204.7,21125.0,21194.4,6718.434
2022-07-27 01:00:00,21194.3,21223.9,21127.8,21197.7,5345.706
2022-07-27 01:30:00,21197.7,21218.6,21148.0,21153.0,4608.211
2022-07-27 02:00:00,21153.0,21164.3,21082.0,21133.0,8500.451
2022-07-27 02:30:00,21133.0,21189.6,21100.9,21173.3,5793.668
2022-07-27 03:00:00,21173.3,21190.0,21089.7,21099.3,5589.83
2022-07-27 03:30:00,21099.4,21111.1,21031.0,21065.1,7681.194
2022-07-27 04:00:00,21065.2,21114.5,21054.4,21102.5,4796.371
2022-07-27 04:30:00,21102.6,21126.6,21070.7,21100.7,4473.705
2022-07-27 05:00:00,21100.6,21212.0,21087.6,21192.7,10412.069
2022-07-27 05:30:00,21192.8,21264.2,21187.7,21234.2,9260.975
2022-07-27 06:00:00,21234.1,21254.7,21183.5,21191.9,6596.722
2022-07-27 06:30:00,21191.9,21260.0,21152.6,21246.3,6210.685
2022-07-27 07:00:00,21246.3,21442.0,21233.8,21358.1,25197.485
2022-07-27 07:30:00,21358.1,21380.0,21305.2,21335.0,6827.905
2022-07-27 08:00:00,21335.0,21417.9,21333.1,21380.8,8795.868
2022-07-27 08:30:00,21380.8,21431.6,21323.0,21344.1,7282.147
2022-07-27 09:00:00,21344.1,21354.3,21275.1,21303.3,9579.578
2022-07-27 09:30:00,21303.3,21325.0,21255.0,21284.6,5895.053
2022-07-27 10:00:00,21284.6,21320.0,21240.9,21313.2,7997.848
2022-07-27 10:30:00,21313.1,21325.0,21252.2,21277.9,4820.603
2022-07-27 11:00:00,21277.8,21296.8,21242.5,21295.6,4375.491
2022-07-27 11:30:00,21295.6,21360.0,21102.5,21193.2,15442.045
2022-07-27 12:00:00,21193.2,21298.3,21151.9,21261.0,12152.538
2022-07-27 12:30:00,21260.9,21412.0,21241.2,21360.3,12261.464
2022-07-27 13:00:00,21360.2,21364.7,21274.2,21296.6,7212.234
2022-07-27 13:30:00,21296.6,21477.5,21276.0,21449.5,17543.384
2022-07-27 14:00:00,21449.4,21461.0,21390.0,21440.6,10861.736
2022-07-27 14:30:00,21440.6,21479.2,21380.0,21446.3,7432.194
2022-07-27 15:00:00,21446.4,21490.5,21408.3,21440.0,9285.683
2022-07-27 15:30:00,21440.0,21531.8,21416.8,21516.4,9900.672
2022-07-27 16:00:00,21516.5,21699.0,21484.4,21662.4,24059.454
2022-07-27 16:30:00,21662.5,21700.0,21450.0,21518.7,22223.746
2022-07-27 17:00:00,21518.7,21672.4,21431.0,21672.4,19389.307
2022-07-27 17:30:00,21672.3,21750.0,21587.2,21612.6,22836.992
2022-07-27 18:00:00,21612.6,22200.0,21612.1,22076.8,90889.854
2022-07-27 18:30:00,22076.7,22700.0,21939.5,22544.9,92264.452
2022-07-27 19:00:00,22544.9,23100.0,22544.9,22891.4,68088.893
2022-07-27 19:30:00,22891.4,22899.7,22666.0,22763.8,31621.053
2022-07-27 20:00:00,22763.8,22900.0,22663.0,22742.0,24149.31
2022-07-27 20:30:00,22742.0,22850.0,22706.6,22769.4,9520.641
2022-07-27 21:00:00,22769.4,22780.4,22677.0,22695.9,7124.597
2022-07-27 21:30:00,22695.9,22757.5,22570.7,22671.5,13983.253
2022-07-27 22:00:00,22671.5,22845.0,22642.4,22830.4,13667.718
2022-07-27 22:30:00,22830.3,22959.6,22747.5,22864.0,15114.595
2022-07-27 23:00:00,22864.0,22926.6,22814.5,22866.8,8477.757
2022-07-27 23:30:00,22866.7,22996.2,22801.5,22941.1,10228.36
2022-07-28 00:00:00,22941.1,23060.0,22792.7,22800.3,16893.666
2022-07-28 00:30:00,22800.3,22850.9,22743.7,22778.9,8566.599
2022-07-28 01:00:00,22778.9,22794.3,22715.0,22743.8,6487.158
2022-07-28 01:30:00,22743.7,22778.8,22735.1,22763.9,3592.441
2022-07-28 02:00:00,22763.9,22770.1,22691.0,22727.0,3337.292
2022-07-28 02:30:00,22727.1,23480.0,22727.0,23276.7,41048.507
2022-07-28 03:00:00,23276.6,23315.0,23176.2,23180.0,13354.562
2022-07-28 03:30:00,23180.0,23180.3,23100.0,23126.7,7859.407
2022-07-28 04:00:00,23126.8,23187.1,23070.0,23164.2,8447.065
2022-07-28 04:30:00,23164.2,23172.2,23053.2,23062.3,5324.021
2022-07-28 05:00:00,23062.4,23103.1,23028.8,23088.2,7481.562
2022-07-28 05:30:00,23088.1,23250.0,23088.1,23230.6,10434.035
2022-07-28 06:00:00,23230.5,23260.0,23133.9,23152.5,6329.028
2022-07-28 06:30:00,23152.5,23223.0,23041.9,23115.5,8062.578
2022-07-28 07:00:00,23115.5,23117.3,22943.0,22951.0,13049.852
2022-07-28 07:30:00,22951.1,22968.0,22880.0,22916.9,10936.968
2022-07-28 08:00:00,22916.4,22974.4,22872.2,22942.1,8892.127
2022-07-28 08:30:00,22942.0,23020.0,22890.0,22962.4,7488.808
2022-07-28 09:00:00,22962.5,22995.1,22809.8,22868.6,11401.983
2022-07-28 09:30:00,22868.7,22987.1,22846.5,22974.4,8456.395
2022-07-28 10:00:00,22974.4,23050.0,22909.9,22990.3,8102.214
2022-07-28 10:30:00,22990.3,23097.9,22947.8,22974.4,8758.789
2022-07-28 11:00:00,22974.5,23042.2,22965.9,23035.8,4625.519
2022-07-28 11:30:00,23035.8,23150.9,22960.0,23106.0,11455.166
2022-07-28 12:00:00,23106.0,23127.3,22869.6,23032.7,14061.833
2022-07-28 12:30:00,23032.8,23210.2,22583.1,23029.2,65969.721
2022-07-28 13:00:00,23029.2,23164.8,22912.9,23140.0,21427.747
2022-07-28 13:30:00,23140.0,23258.0,22754.1,22841.8,45282.088
2022-07-28 14:00:00,22841.7,22946.0,22731.1,22888.7,19702.434
2022-07-28 14:30:00,22888.7,23135.0,22836.4,23121.7,21307.139
2022-07-28 15:00:00,23121.7,23500.0,23095.5,23488.1,36337.51
2022-07-28 15:30:00,23488.1,23999.6,23416.0,23739.4,60991.622
2022-07-28 16:00:00,23739.4,23942.0,23661.7,23895.3,28447.098
2022-07-28 16:30:00,23895.3,23940.7,23695.1,23762.5,21332.601
2022-07-28 17:00:00,23762.5,24050.0,23747.4,23884.6,18461.48
2022-07-28 17:30:00,23884.6,24094.5,23862.5,23990.6,21263.887
2022-07-28 18:00:00,23990.6,24000.0,23740.0,23767.3,19065.646
2022-07-28 18:30:00,23767.3,23833.2,23721.1,23799.4,7317.917
2022-07-28 19:00:00,23799.4,23862.5,23772.6,23838.8,6874.741
2022-07-28 19:30:00,23838.8,23845.0,23664.0,23790.4,9317.434
2022-07-28 20:00:00,23790.4,23880.0,23782.1,23872.5,7811.338
2022-07-28 20:30:00,23872.4,24194.6,23773.7,24022.0,38086.982
2022-07-28 21:00:00,24022.1,24155.0,23888.0,23943.5,14740.752
2022-07-28 21:30:00,23943.4,23993.5,23823.9,23923.5,8986.98
2022-07-28 22:00:00,23923.6,23976.8,23803.0,23932.5,9456.638
2022-07-28 22:30:00,23932.4,23984.6,23866.7,23955.5,5970.092
2022-07-28 23:00:00,23955.4,23972.3,23777.0,23819.1,6581.917
2022-07-28 23:30:00,23819.1,23850.0,23720.0,23836.2,7560.497
2022-07-29 00:00:00,23836.2,23880.4,23700.0,23707.0,9778.78
2022-07-29 00:30:00,23707.1,23947.8,23707.0,23876.7,10120.797
2022-07-29 01:00:00,23876.8,23893.9,23761.9,23787.9,5408.573
2022-07-29 01:30:00,23787.9,23885.9,23740.1,23845.0,6635.924
2022-07-29 02:00:00,23845.1,23907.6,23724.8,23805.9,10655.287
2022-07-29 02:30:00,23806.0,23834.7,23750.0,23776.4,4669.965
2022-07-29 03:00:00,23776.4,23836.9,23755.9,23811.1,4457.046
2022-07-29 03:30:00,23811.0,23933.0,23809.7,23905.8,7025.821
2022-07-29 04:00:00,23905.6,23977.5,23878.4,23953.5,6779.459
2022-07-29 04:30:00,23953.4,24034.3,23907.1,24004.9,9008.407
2022-07-29 05:00:00,24004.9,24013.9,23855.5,23920.0,8193.445
2022-07-29 05:30:00,23920.1,24110.0,23901.0,23979.6,12372.476
2022-07-29 06:00:00,23979.6,24053.0,23912.5,24021.2,6333.585
2022-07-29 06:30:00,24021.2,24500.0,23884.3,23936.3,38616.317
2022-07-29 07:00:00,23936.4,23984.9,23818.2,23852.5,15014.342
2022-07-29 07:30:00,23852.5,23990.1,23831.9,23938.0,9308.46
2022-07-29 08:00:00,23938.0,23985.0,23778.0,23932.5,15271.752
2022-07-29 08:30:00,23932.5,23968.0,23869.8,23919.4,7160.239
2022-07-29 09:00:00,23919.3,23969.0,23855.2,23967.1,7405.65
2022-07-29 09:30:00,23967.1,24092.0,23939.0,24061.8,10832.297
2022-07-29 10:00:00,24061.8,24135.0,23976.7,23996.9,11209.23
2022-07-29 10:30:00,23996.9,24057.5,23974.0,24002.0,5623.263
2022-07-29 11:00:00,24002.0,24016.5,23800.0,23811.5,13433.826
2022-07-29 11:30:00,23811.6,23848.0,23548.0,23717.2,30992.423
2022-07-29 12:00:00,23717.2,23746.7,23616.4,23663.9,11730.258
2022-07-29 12:30:00,23663.9,23700.4,23437.0,23513.9,26608.084
2022-07-29 13:00:00,23513.9,23648.0,23426.3,23588.5,15518.892
2022-07-29 13:30:00,23588.5,23757.2,23435.0,23694.0,26513.619
2022-07-29 14:00:00,23692.8,24219.4,23668.6,24119.6,43920.364
2022-07-29 14:30:00,24119.6,24220.0,24017.0,24024.7,23420.094
2022-07-29 15:00:00,24024.7,24068.0,23866.0,23876.1,25476.85
2022-07-29 15:30:00,23876.1,24028.9,23874.1,24003.0,10890.202
2022-07-29 16:00:00,24003.0,24014.0,23600.0,23659.3,30434.161
2022-07-29 16:30:00,23659.3,23885.0,23642.0,23840.6,14503.798
2022-07-29 17:00:00,23840.6,23840.6,23623.6,23672.9,11883.011
2022-07-29 17:30:00,23673.0,23860.0,23646.0,23773.3,9595.557
2022-07-29 18:00:00,23773.4,24038.0,23736.1,23994.7,12591.221
